# 직업별 올스탯 총합 (HP 4당 1, MP 1.5당 1로 정규화)

| 직업명 | 총합 | HP(정규화) | MP(정규화) | 물공 | 물방 | 마공 | 마방 | 속도 | 초기BRV | HP(원본) | MP(원본) |
|--------|------|-----------|-----------|------|------|------|------|------|---------|---------|---------|
| 몽크 | 535.7 | 43.0 | 38.7 | 82 | 59 | 51 | 64 | 76 | 122 | 172 | 58 |
| 용기사 | 530.2 | 45.2 | 32.0 | 78 | 67 | 62 | 58 | 61 | 127 | 181 | 48 |
| 신관 | 518.8 | 35.8 | 54.0 | 42 | 57 | 79 | 89 | 52 | 110 | 143 | 81 |
| 성기사 | 517.9 | 49.2 | 44.7 | 67 | 76 | 38 | 62 | 43 | 138 | 197 | 67 |
| 드루이드 | 516.1 | 43.8 | 47.3 | 53 | 48 | 81 | 69 | 59 | 115 | 175 | 71 |
| 흡혈귀 | 513.5 | 46.5 | 32.0 | 68 | 55 | 63 | 59 | 69 | 121 | 186 | 48 |
| 마검사 | 509.3 | 41.0 | 41.3 | 67 | 54 | 70 | 61 | 58 | 117 | 164 | 62 |
| 저격수 | 507.4 | 37.8 | 28.7 | 127 | 41 | 48 | 43 | 38 | 144 | 151 | 43 |
| 무당 | 506.9 | 30.2 | 50.7 | 48 | 44 | 86 | 77 | 64 | 107 | 121 | 76 |
| 기사 | 505.7 | 54.0 | 22.7 | 79 | 72 | 46 | 54 | 48 | 130 | 216 | 34 |
| 배틀메이지 | 504.3 | 42.0 | 37.3 | 61 | 49 | 74 | 52 | 70 | 119 | 168 | 56 |
| 정령술사 | 501.4 | 26.8 | 62.7 | 49 | 42 | 85 | 69 | 59 | 108 | 107 | 94 |
| 암흑기사 | 500.6 | 47.2 | 35.3 | 71 | 58 | 54 | 51 | 52 | 132 | 189 | 53 |
| 시간술사 | 499.9 | 30.2 | 68.7 | 54 | 49 | 77 | 64 | 57 | 100 | 121 | 103 |
| 철학자 | 498.4 | 26.8 | 64.7 | 38 | 54 | 76 | 86 | 49 | 104 | 107 | 97 |
| 브레이커 | 498.1 | 48.8 | 25.3 | 81 | 62 | 35 | 48 | 68 | 130 | 195 | 38 |
| 사무라이 | 492.4 | 41.8 | 28.7 | 74 | 58 | 45 | 53 | 67 | 125 | 167 | 43 |
| 검투사 | 490.3 | 43.0 | 19.3 | 79 | 56 | 41 | 48 | 64 | 140 | 172 | 29 |
| 전사 | 488.8 | 52.5 | 21.3 | 60 | 60 | 40 | 60 | 60 | 135 | 210 | 32 |
| 네크로맨서 | 481.5 | 33.5 | 56.0 | 44 | 39 | 84 | 74 | 48 | 103 | 134 | 84 |
| 연금술사 | 479.8 | 33.8 | 46.0 | 59 | 44 | 72 | 58 | 54 | 113 | 135 | 69 |
| 검성 | 478.0 | 41.0 | 26.0 | 83 | 51 | 31 | 47 | 71 | 128 | 164 | 39 |
| 기계공학자 | 472.7 | 39.0 | 40.7 | 63 | 54 | 59 | 48 | 53 | 116 | 156 | 61 |
| 아크메이지 | 470.6 | 30.2 | 59.3 | 43 | 33 | 78 | 67 | 58 | 102 | 121 | 89 |
| 성직자 | 470.2 | 36.2 | 52.0 | 38 | 42 | 62 | 73 | 55 | 112 | 145 | 78 |
| 해적 | 463.7 | 41.0 | 24.7 | 74 | 52 | 34 | 41 | 77 | 120 | 164 | 37 |
| 도적 | 461.8 | 37.5 | 27.3 | 64 | 43 | 38 | 49 | 93 | 110 | 150 | 41 |
| 바드 | 455.4 | 26.8 | 48.7 | 43 | 38 | 66 | 58 | 69 | 106 | 107 | 73 |
| 궁수 | 451.0 | 41.0 | 30.0 | 74 | 44 | 33 | 43 | 68 | 118 | 164 | 45 |
| 해커 | 450.2 | 35.5 | 38.7 | 42 | 38 | 72 | 51 | 78 | 95 | 142 | 58 |
| 차원술사 | 447.7 | 21.0 | 60.7 | 33 | 28 | 88 | 72 | 47 | 98 | 84 | 91 |
| 광전사 | 435.4 | 81.8 | 14.7 | 64 | 22 | 13 | 21 | 74 | 145 | 327 | 22 |
| 암살자 | 433.8 | 33.5 | 23.3 | 81 | 34 | 28 | 39 | 87 | 108 | 134 | 35 |

## 통계
- **총 직업 수**: 33개
- **평균 스탯 총합**: 487.5
- **최고 스탯 총합**: 535.7 (몽크)
- **최저 스탯 총합**: 433.8 (암살자)
- **스탯 총합 범위**: 101.8
